[[0.998549223]
 [0.998549223]
 [0.998549223]
 [0.998549223]
 [0.998549223]
 [0.998549223]
 [0.998549223]
 [0.998549223]
 [0.998549223]
 [0.998549223]
 [0.998549223]
 [0.998549223]
 [0.998549223]
 [0.998549223]
 [0.998549223]
 [0.998549223]
 [0.998549223]
 [0.998549223]
 [0.998549223]
 [0.998549223]
 [0.998549223]
 [0.998549223]
 [0.998549223]
 [0.998549223]
 [0.998549223]
 [0.998549223]
 [0.998549223]
 [0.998549223]
 [0.998549223]
 [0.998549223]
 [0.998549223]
 [0.998549223]
 [0.998549223]
 [0.998549223]
 [0.998549223]
 [0.998549223]
 [0.998549223]
 [0.998549223]
 [0.998549223]
 [0.998549223]
 [0.998549223]
 [0.998549223]
 [0.998549223]
 [0.998549223]
 [0.998549223]
 [0.998549223]
 [0.998549223]
 [0.998549223]
 [0.998549223]
 [0.998549223]
 [0.998549223]
 [0.998549223]
 [0.998549223]
 [0.998549223]
 [0.998549223]
 [0.998549223]
 [0.998549223]
 [0.998549223]
 [0.998549223]
 [0.998549223]
 [0.998549223]
 [0.998549223]
 [0.998549223]
 [0.998549223]
 [0.998549223]
 [0.998549223]
 [0.998549223]
 [0.998549223]
 [0.998549223]
 [0.998549223]
 [0.998549223]
 [0.998549223]
 [0.998549223]
 [0.998549223]
 [0.998549223]
 [0.998549223]
 [0.998549223]
 [0.998549223]
 [0.998549223]
 [0.998549223]
 [0.998549223]
 [0.998549223]
 [0.998549223]
 [0.998549223]
 [0.998549223]
 [0.998549223]
 [0.998549223]
 [0.998549223]
 [0.998549223]
 [0.998549223]
 [0.998549223]
 [0.998549223]
 [0.998549223]
 [0.998549223]
 [0.998549223]
 [0.998549223]
 [0.998549223]
 [0.998549223]
 [0.998549223]
 [0.998549223]
 [0.998549223]
 [0.998549223]
 [0.998549223]
 [0.998549223]
 [0.998549223]
 [0.998549223]
 [0.998549223]
 [0.998549223]
 [0.998549223]
 [0.998549223]
 [0.998549223]
 [0.998549223]
 [0.998549223]
 [0.998549223]
 [0.998549223]
 [0.998549223]
 [0.998549223]]
