[[7.00141811]
 [6.95151472]
 [6.90161037]
 [6.8517065]
 [6.80180264]
 [6.75189829]
 [6.70199394]
 [6.65209055]
 [6.6021862]
 [6.55228138]
 [6.50237751]
 [6.45247364]
 [6.40256929]
 [6.3526659]
 [6.30276108]
 [6.25285721]
 [6.20295286]
 [6.15304947]
 [6.10314512]
 [6.05324078]
 [6.00333691]
 [5.95343256]
 [5.90352869]
 [5.85362434]
 [5.80372047]
 [5.75381565]
 [5.70391273]
 [5.65400743]
 [5.60410404]
 [5.5542]
 [5.50429583]
 [5.45439148]
 [5.40448761]
 [5.35458279]
 [5.30467892]
 [5.25477505]
 [5.2048707]
 [5.15496731]
 [5.10506248]
 [5.05515909]
 [5.00525475]
 [4.95535]
 [4.90544605]
 [4.85554218]
 [4.80563831]
 [4.75573397]
 [4.70582962]
 [4.65592575]
 [4.6060214]
 [4.55611801]
 [4.50621319]
 [4.45630932]
 [4.40640545]
 [4.35650063]
 [4.30659723]
 [4.25669289]
 [4.20678854]
 [4.15688515]
 [4.10698032]
 [4.05707645]
 [4.00717258]
 [3.957268]
 [3.90736365]
 [3.85745978]
 [3.80755591]
 [3.75765157]
 [3.7077477]
 [3.65784335]
 [3.60793924]
 [3.55803514]
 [3.50813079]
 [3.45822716]
 [3.40832305]
 [3.3584187]
 [3.3085146]
 [3.25861049]
 [3.20870662]
 [3.15880227]
 [3.10889816]
 [3.05899405]
 [3.00909]
 [2.95918632]
 [2.90928197]
 [2.85937762]
 [2.80947351]
 [2.75956941]
 [2.70966506]
 [2.65976119]
 [2.60985732]
 [2.55995297]
 [2.5100491]
 [2.46014476]
 [2.41024089]
 [2.36033654]
 [2.3104322]
 [2.26052833]
 [2.21062446]
 [2.16072]
 [2.11081576]
 [2.06091189]
 [2.01100779]
 [1.96110392]
 [1.91119945]
 [1.86129546]
 [1.81139147]
 [1.76148725]
 [1.71158314]
 [1.66167903]
 [1.61177504]
 [1.56187069]
 [1.51196682]
 [1.46206272]
 [1.41215849]
 [1.36225438]
 [1.31235027]
 [1.26244617]
 [1.21254206]
 [1.16263795]
 [1.11273384]
 [1.06282973]
 [1.01292562]]
