[[2.42780662]
 [2.46683192]
 [2.50625634]
 [2.54597974]
 [2.58610249]
 [2.62652516]
 [2.66734672]
 [2.70846772]
 [2.74978828]
 [2.79150844]
 [2.83342743]
 [2.87554646]
 [2.91796494]
 [2.96068311]
 [3.00360036]
 [3.04661775]
 [3.08993459]
 [3.13345122]
 [3.17716718]
 [3.22108245]
 [3.26509833]
 [3.30931306]
 [3.35372758]
 [3.39824176]
 [3.44285631]
 [3.48777032]
 [3.53268361]
 [3.5777967]
 [3.6230104]
 [3.66832352]
 [3.7137363]
 [3.75934815]
 [3.80506015]
 [3.85077262]
 [3.89668465]
 [3.94269609]
 [3.98880768]
 [4.03491926]
 [4.08123]
 [4.12754154]
 [4.17395163]
 [4.22046232]
 [4.26707268]
 [4.31368351]
 [4.36039352]
 [4.40720367]
 [4.45411396]
 [4.50102329]
 [4.54803324]
 [4.59504318]
 [4.64215231]
 [4.68936157]
 [4.73657084]
 [4.78387928]
 [4.83118916]
 [4.87859726]
 [4.92610645]
 [4.97351551]
 [5.02112436]
 [5.0686326]
 [5.11624098]
 [5.16394901]
 [5.21165752]
 [5.25936604]
 [5.30717421]
 [5.35498238]
 [5.40289]
 [5.45079851]
 [5.49870682]
 [5.54671383]
 [5.59472179]
 [5.64272928]
 [5.69083786]
 [5.73894501]
 [5.78705215]
 [5.83526039]
 [5.88346672]
 [5.931674]
 [5.97988224]
 [6.02818871]
 [6.07649612]
 [6.12480354]
 [6.17321]
 [6.22151709]
 [6.26992416]
 [6.31833124]
 [6.36683798]
 [6.41524601]
 [6.46375275]
 [6.51225901]
 [6.5608654]
 [6.60937214]
 [6.65797853]
 [6.70658493]
 [6.7551918]
 [6.8037982]
 [6.85250473]
 [6.90111113]
 [6.94981766]
 [6.99852467]
 [7.04723072]
 [7.09593678]
 [7.14474392]
 [7.19345]
 [7.24225616]
 [7.29106236]
 [7.33986759]
 [7.38877439]
 [7.43758]
 [7.48638678]
 [7.5352931]
 [7.58419895]
 [7.63310528]
 [7.68201]
 [7.73091698]
 [7.77982283]
 [7.82882881]
 [7.87773514]
 [7.92674065]
 [7.97574711]
 [8.02475262]]
