[[3.80785441]
 [3.8576591]
 [3.90746403]
 [3.95716786]
 [4.00697231]
 [4.056777]
 [4.10658169]
 [4.15638542]
 [4.20609]
 [4.25589418]
 [4.30569839]
 [4.35550308]
 [4.40530729]
 [4.4551115]
 [4.50491571]
 [4.55472]
 [4.60452461]
 [4.65432882]
 [4.70423317]
 [4.7540369]
 [4.80384159]
 [4.85364628]
 [4.90345]
 [4.95325375]
 [5.00305843]
 [5.05296278]
 [5.10276747]
 [5.15257168]
 [5.20237589]
 [5.25227928]
 [5.30208397]
 [5.35188866]
 [5.40179205]
 [5.45159674]
 [5.50140095]
 [5.55130529]
 [5.6011095]
 [5.65091372]
 [5.70081854]
 [5.7506218]
 [5.80052662]
 [5.85033035]
 [5.90023518]
 [5.95003891]
 [5.99984312]
 [6.04974842]
 [6.0995512]
 [6.14945602]
 [6.19925976]
 [6.24916363]
 [6.29896784]
 [6.34887266]
 [6.39867735]
 [6.4485817]
 [6.49838495]
 [6.54829025]
 [6.59809399]
 [6.64799786]
 [6.69790268]
 [6.74770641]
 [6.79761028]
 [6.84741402]
 [6.89731884]
 [6.94712257]
 [6.99702787]
 [7.04693174]
 [7.096735]
 [7.14664]
 [7.19654369]
 [7.2463479]
 [7.29625273]
 [7.34605694]
 [7.39596081]
 [7.44586468]
 [7.49567]
 [7.54557276]
 [7.59547853]
 [7.64528179]
 [7.69518518]
 [7.74509]
 [7.79489374]
 [7.84479856]
 [7.89470291]
 [7.94450665]
 [7.99441099]
 [8.04431438]
 [8.09411907]
 [8.1440239]
 [8.19392681]
 [8.24383163]
 [8.29363537]
 [8.34353924]
 [8.39344501]
 [8.4432478]
 [8.49315166]
 [8.54305553]
 [8.59296]
 [8.642766]
 [8.69266891]
 [8.74257278]
 [8.79247761]
 [8.8422823]
 [8.89218616]
 [8.94209]
 [8.99199295]
 [9.04179859]
 [9.09170246]
 [9.14160633]
 [9.19150925]
 [9.24131489]
 [9.29121876]
 [9.34112263]
 [9.39102745]
 [9.44093132]
 [9.49073505]
 [9.54063892]
 [9.5905447]
 [9.64044666]
 [9.69025135]
 [9.74015617]
 [9.79005909]]
