[[5.00525475]
 [4.97551155]
 [4.94596863]
 [4.91692448]
 [4.88807964]
 [4.8596344]
 [4.83158875]
 [4.80384159]
 [4.77639389]
 [4.74944592]
 [4.72279739]
 [4.69654751]
 [4.67069721]
 [4.64514732]
 [4.62009478]
 [4.59544182]
 [4.57118845]
 [4.54733467]
 [4.52388]
 [4.50092316]
 [4.47836685]
 [4.45630932]
 [4.43465042]
 [4.41349173]
 [4.39273167]
 [4.37257]
 [4.352808]
 [4.33354521]
 [4.31468201]
 [4.29641628]
 [4.27865076]
 [4.26138401]
 [4.24461603]
 [4.22844744]
 [4.21267796]
 [4.19760609]
 [4.18293428]
 [4.16886139]
 [4.1553874]
 [4.14241219]
 [4.13003635]
 [4.11825848]
 [4.10698032]
 [4.09630108]
 [4.08622]
 [4.07673883]
 [4.06785583]
 [4.05957127]
 [4.0517869]
 [4.04470062]
 [4.03821278]
 [4.03232384]
 [4.02713394]
 [4.02244282]
 [4.0183506]
 [4.01495743]
 [4.01216316]
 [4.00996685]
 [4.0083704]
 [4.00747204]
 [4.00717258]
 [4.00747204]
 [4.0083704]
 [4.00996685]
 [4.01216316]
 [4.01495743]
 [4.0183506]
 [4.02244282]
 [4.02713394]
 [4.03232384]
 [4.03821278]
 [4.04470062]
 [4.0517869]
 [4.05957127]
 [4.06785583]
 [4.07673883]
 [4.08622]
 [4.09630108]
 [4.10698032]
 [4.11825848]
 [4.13003635]
 [4.14241219]
 [4.1553874]
 [4.16886139]
 [4.18293428]
 [4.19760609]
 [4.21267796]
 [4.22844744]
 [4.24461603]
 [4.26138401]
 [4.27865076]
 [4.29641628]
 [4.31468201]
 [4.33354521]
 [4.352808]
 [4.37257]
 [4.39273167]
 [4.41349173]
 [4.43465042]
 [4.45630932]
 [4.47836685]
 [4.50092316]
 [4.52388]
 [4.54733467]
 [4.57118845]
 [4.59544182]
 [4.62009478]
 [4.64514732]
 [4.67069721]
 [4.69654751]
 [4.72279739]
 [4.74944592]
 [4.77639389]
 [4.80384159]
 [4.83158875]
 [4.8596344]
 [4.88807964]
 [4.91692448]
 [4.94596863]
 [4.97551155]
 [5.00525475]]
