[[7]
 [6.95]
 [6.9]
 [6.85]
 [6.8]
 [6.75]
 [6.7]
 [6.65]
 [6.6]
 [6.55]
 [6.5]
 [6.45]
 [6.4]
 [6.35]
 [6.3]
 [6.25]
 [6.2]
 [6.15]
 [6.1]
 [6.05]
 [6]
 [5.95]
 [5.9]
 [5.85]
 [5.8]
 [5.75]
 [5.7]
 [5.65]
 [5.6]
 [5.55]
 [5.5]
 [5.45]
 [5.4]
 [5.35]
 [5.3]
 [5.25]
 [5.2]
 [5.15]
 [5.1]
 [5.05]
 [5]
 [4.95]
 [4.9]
 [4.85]
 [4.8]
 [4.75]
 [4.7]
 [4.65]
 [4.6]
 [4.55]
 [4.5]
 [4.45]
 [4.4]
 [4.35]
 [4.3]
 [4.25]
 [4.2]
 [4.15]
 [4.1]
 [4.05]
 [4]
 [3.95]
 [3.9]
 [3.85]
 [3.8]
 [3.75]
 [3.7]
 [3.65]
 [3.6]
 [3.55]
 [3.5]
 [3.45]
 [3.4]
 [3.35]
 [3.3]
 [3.25]
 [3.2]
 [3.15]
 [3.1]
 [3.05]
 [3]
 [2.95]
 [2.9]
 [2.85]
 [2.8]
 [2.75]
 [2.7]
 [2.65]
 [2.6]
 [2.55]
 [2.5]
 [2.45]
 [2.4]
 [2.35]
 [2.3]
 [2.25]
 [2.2]
 [2.15]
 [2.1]
 [2.05]
 [2]
 [1.95]
 [1.9]
 [1.85]
 [1.8]
 [1.75]
 [1.7]
 [1.65]
 [1.6]
 [1.55]
 [1.5]
 [1.45]
 [1.4]
 [1.35]
 [1.3]
 [1.25]
 [1.2]
 [1.15]
 [1.1]
 [1.05]
 [1]]
