[[2.4175999999999997]
 [2.4566999999999997]
 [2.4962]
 [2.536]
 [2.5762]
 [2.6167000000000002]
 [2.6576]
 [2.6988]
 [2.7401999999999997]
 [2.782]
 [2.824]
 [2.8662]
 [2.9087]
 [2.9515]
 [2.9945]
 [3.0376]
 [3.0810000000000004]
 [3.1245999999999996]
 [3.1683999999999997]
 [3.2124]
 [3.2565]
 [3.3007999999999997]
 [3.3453]
 [3.3899]
 [3.4345999999999997]
 [3.4795999999999996]
 [3.5246]
 [3.5698000000000003]
 [3.6151]
 [3.6605000000000003]
 [3.7060000000000004]
 [3.7517]
 [3.7975]
 [3.8432999999999997]
 [3.8893]
 [3.9354]
 [3.9816000000000003]
 [4.0278]
 [4.0742]
 [4.1206]
 [4.1671]
 [4.2137]
 [4.2604000000000006]
 [4.3071]
 [4.3538999999999994]
 [4.4008]
 [4.4478]
 [4.4948000000000006]
 [4.5419]
 [4.5889999999999995]
 [4.6362]
 [4.6835]
 [4.7307999999999995]
 [4.7782]
 [4.8256]
 [4.8731]
 [4.9207]
 [4.9681999999999995]
 [5.0158999999999994]
 [5.0635]
 [5.1112]
 [5.159]
 [5.2067999999999994]
 [5.2546]
 [5.3025]
 [5.3504]
 [5.3984000000000005]
 [5.4464]
 [5.4944000000000006]
 [5.5425]
 [5.5905999999999993]
 [5.6387]
 [5.6869000000000005]
 [5.7351]
 [5.7833000000000006]
 [5.8316]
 [5.8799]
 [5.9282]
 [5.9765]
 [6.0249]
 [6.0733000000000006]
 [6.1217]
 [6.1701999999999995]
 [6.2186]
 [6.2671]
 [6.3156]
 [6.3641999999999994]
 [6.4127]
 [6.4613]
 [6.5099]
 [6.5586]
 [6.6072000000000006]
 [6.6559]
 [6.7046]
 [6.7533]
 [6.8020000000000005]
 [6.8508000000000004]
 [6.8995000000000006]
 [6.9483000000000006]
 [6.9971000000000005]
 [7.0459000000000005]
 [7.0947000000000005]
 [7.1436]
 [7.1924]
 [7.2413]
 [7.2902]
 [7.3390999999999993]
 [7.3881]
 [7.437]
 [7.4859]
 [7.5349]
 [7.5839]
 [7.6328999999999994]
 [7.6819000000000006]
 [7.7309]
 [7.7799000000000005]
 [7.829]
 [7.8779999999999992]
 [7.9271]
 [7.9762]
 [8.0253]]
