[[5]
 [4.9702]
 [4.9406]
 [4.9115]
 [4.8826]
 [4.8541]
 [4.8260000000000005]
 [4.7982]
 [4.7707]
 [4.7437000000000005]
 [4.717]
 [4.6907]
 [4.6648000000000005]
 [4.6392]
 [4.6141000000000005]
 [4.5894]
 [4.5651]
 [4.5412]
 [4.5177]
 [4.4947]
 [4.4721]
 [4.45]
 [4.4283]
 [4.4071]
 [4.3863]
 [4.3661]
 [4.3463]
 [4.327]
 [4.3081]
 [4.2898000000000005]
 [4.272]
 [4.2547000000000006]
 [4.2379]
 [4.2217]
 [4.2059]
 [4.1907999999999994]
 [4.1761]
 [4.162]
 [4.1485]
 [4.1355]
 [4.1231]
 [4.1113]
 [4.1]
 [4.0893]
 [4.0792]
 [4.0697]
 [4.0607999999999995]
 [4.0525]
 [4.0447000000000006]
 [4.0376]
 [4.0311]
 [4.0252]
 [4.02]
 [4.0153]
 [4.0112]
 [4.0078]
 [4.005]
 [4.0028]
 [4.0012]
 [4.0002999999999993]
 [4]
 [4.0002999999999993]
 [4.0012]
 [4.0028]
 [4.005]
 [4.0078]
 [4.0112]
 [4.0153]
 [4.02]
 [4.0252]
 [4.0311]
 [4.0376]
 [4.0447000000000006]
 [4.0525]
 [4.0607999999999995]
 [4.0697]
 [4.0792]
 [4.0893]
 [4.1]
 [4.1113]
 [4.1231]
 [4.1355]
 [4.1485]
 [4.162]
 [4.1761]
 [4.1907999999999994]
 [4.2059]
 [4.2217]
 [4.2379]
 [4.2547000000000006]
 [4.272]
 [4.2898000000000005]
 [4.3081]
 [4.327]
 [4.3463]
 [4.3661]
 [4.3863]
 [4.4071]
 [4.4283]
 [4.45]
 [4.4721]
 [4.4947]
 [4.5177]
 [4.5412]
 [4.5651]
 [4.5894]
 [4.6141000000000005]
 [4.6392]
 [4.6648000000000005]
 [4.6907]
 [4.717]
 [4.7437000000000005]
 [4.7707]
 [4.7982]
 [4.8260000000000005]
 [4.8541]
 [4.8826]
 [4.9115]
 [4.9406]
 [4.9702]
 [5]]
