[[3.8002999999999996]
 [3.8501999999999996]
 [3.9001]
 [3.9499]
 [3.9998]
 [4.0497000000000005]
 [4.0996]
 [4.1495]
 [4.1993]
 [4.2492]
 [4.2991]
 [4.349]
 [4.3989]
 [4.4488]
 [4.4987]
 [4.5486]
 [4.5985000000000005]
 [4.6484]
 [4.6983999999999995]
 [4.7482999999999995]
 [4.7982]
 [4.8481]
 [4.898]
 [4.9479000000000006]
 [4.9978]
 [5.0478]
 [5.0977]
 [5.1476]
 [5.1975]
 [5.2475]
 [5.2974]
 [5.3473000000000006]
 [5.3973]
 [5.4472000000000005]
 [5.4971000000000005]
 [5.5471]
 [5.597]
 [5.6469000000000005]
 [5.6969]
 [5.7467999999999995]
 [5.7967999999999993]
 [5.8466999999999993]
 [5.8966999999999992]
 [5.9466]
 [5.9965]
 [6.0465]
 [6.0964]
 [6.1464]
 [6.1963]
 [6.2463]
 [6.2962]
 [6.3462]
 [6.3961000000000006]
 [6.4461]
 [6.496]
 [6.546]
 [6.5959]
 [6.6459]
 [6.6959]
 [6.7458]
 [6.7958000000000007]
 [6.8457000000000008]
 [6.8957000000000006]
 [6.9456]
 [6.9956]
 [7.0455999999999994]
 [7.0954999999999995]
 [7.1454999999999993]
 [7.1954999999999991]
 [7.2454]
 [7.2954]
 [7.3453]
 [7.3953]
 [7.4453]
 [7.4952]
 [7.5451999999999995]
 [7.5952]
 [7.6451]
 [7.6951]
 [7.7451]
 [7.795]
 [7.845]
 [7.895]
 [7.9449000000000005]
 [7.9949]
 [8.0449]
 [8.0948]
 [8.1448]
 [8.1948]
 [8.2448]
 [8.2947]
 [8.3447]
 [8.3947]
 [8.4446000000000012]
 [8.4946]
 [8.5446]
 [8.5946]
 [8.6445]
 [8.6945]
 [8.7445]
 [8.7945000000000011]
 [8.8444]
 [8.894400000000001]
 [8.9444]
 [8.9944]
 [9.0443]
 [9.0942999999999987]
 [9.1443]
 [9.1943]
 [9.2442]
 [9.2942]
 [9.344199999999999]
 [9.3942]
 [9.4442]
 [9.4941]
 [9.5441]
 [9.5941]
 [9.6441]
 [9.6939999999999991]
 [9.744]
 [9.794]]
