[[1.00000012]
 [1.04999983]
 [1.1]
 [1.15]
 [1.19999993]
 [1.24999988]
 [1.29999983]
 [1.35]
 [1.39999986]
 [1.44999993]
 [1.49999988]
 [1.54999983]
 [1.6]
 [1.65]
 [1.69999993]
 [1.75]
 [1.8]
 [1.85]
 [1.9]
 [1.94999993]
 [2]
 [2.05]
 [2.10000014]
 [2.15]
 [2.2]
 [2.25]
 [2.30000019]
 [2.35000014]
 [2.4]
 [2.44999981]
 [2.5]
 [2.55000019]
 [2.60000014]
 [2.65000057]
 [2.70000029]
 [2.75]
 [2.80000019]
 [2.85000014]
 [2.89999986]
 [2.95000029]
 [3]
 [3.05000019]
 [3.1]
 [3.15000057]
 [3.20000029]
 [3.25000024]
 [3.30000019]
 [3.35]
 [3.40000033]
 [3.45]
 [3.50000024]
 [3.55000019]
 [3.6]
 [3.65]
 [3.7]
 [3.75000024]
 [3.8]
 [3.85]
 [3.9]
 [3.95]
 [4]
 [4.05]
 [4.1]
 [4.15]
 [4.2]
 [4.25]
 [4.29999971]
 [4.35]
 [4.4]
 [4.44999933]
 [4.5]
 [4.55000067]
 [4.6]
 [4.65]
 [4.7]
 [4.75]
 [4.8]
 [4.85]
 [4.9]
 [4.95000029]
 [4.99999952]
 [5.05000067]
 [5.09999943]
 [5.15]
 [5.19999933]
 [5.25]
 [5.29999971]
 [5.35000038]
 [5.40000057]
 [5.45]
 [5.5]
 [5.55]
 [5.6]
 [5.65]
 [5.7]
 [5.74999952]
 [5.80000067]
 [5.85]
 [5.9]
 [5.94999933]
 [6.00000048]]
[[0.947568119]
 [0.999898672]
 [1.05221927]
 [1.10452878]
 [1.1568265]
 [1.20911157]
 [1.26138282]
 [1.31363988]
 [1.36588144]
 [1.41810656]
 [1.47031426]
 [1.52250409]
 [1.57467461]
 [1.62682509]
 [1.67895436]
 [1.73106158]
 [1.78314567]
 [1.83520555]
 [1.88724041]
 [1.93924928]
 [1.99123073]
 [2.04318404]
 [2.09510779]
 [2.1470015]
 [2.19886327]
 [2.25069261]
 [2.30248809]
 [2.35424852]
 [2.40597343]
 [2.45766091]
 [2.50930977]
 [2.56091905]
 [2.61248803]
 [2.66401505]
 [2.71549892]
 [2.76693821]
 [2.81833196]
 [2.86967826]
 [2.92097807]
 [2.97222733]
 [3.02342629]
 [3.07457423]
 [3.12566757]
 [3.17670727]
 [3.22769117]
 [3.27861786]
 [3.32948613]
 [3.3802948]
 [3.43104243]
 [3.48172784]
 [3.53234935]
 [3.58290577]
 [3.63339591]
 [3.68381858]
 [3.73417211]
 [3.78445506]
 [3.83466649]
 [3.88480401]
 [3.93486786]
 [3.98485565]
 [4.03476667]
 [4.08459854]
 [4.13435078]
 [4.18402147]
 [4.2336092]
 [4.28311396]
 [4.33253288]
 [4.38186502]
 [4.43110895]
 [4.48026276]
 [4.52932739]
 [4.57829952]
 [4.62717819]
 [4.67596149]
 [4.72465]
 [4.77324]
 [4.82173252]
 [4.87012386]
 [4.91841507]
 [4.96660328]
 [5.01468706]
 [5.06266689]
 [5.11053944]
 [5.15830517]
 [5.20596075]
 [5.25350761]
 [5.30094337]
 [5.3482666]
 [5.39547539]
 [5.44256973]
 [5.48954916]
 [5.53641033]
 [5.58315277]
 [5.629776]
 [5.67627859]
 [5.72266]
 [5.76891851]
 [5.81505299]
 [5.86106205]
 [5.90694523]
 [5.95270252]]
[[0.41741994]
 [0.432658792]
 [0.44786188]
 [0.463027567]
 [0.478154391]
 [0.493240803]
 [0.508285344]
 [0.523286641]
 [0.538242936]
 [0.553153098]
 [0.568015516]
 [0.58282882]
 [0.597591817]
 [0.612302899]
 [0.626961052]
 [0.641564786]
 [0.65611279]
 [0.670603871]
 [0.685036719]
 [0.699410319]
 [0.713723361]
 [0.727974713]
 [0.74216336]
 [0.75628823]
 [0.770347953]
 [0.784341633]
 [0.798268437]
 [0.812127352]
 [0.825917304]
 [0.839637339]
 [0.853286624]
 [0.866864145]
 [0.880369246]
 [0.893801093]
 [0.907158911]
 [0.920441806]
 [0.933649123]
 [0.946780264]
 [0.959834337]
 [0.972810805]
 [0.98570925]
 [0.998528659]
 [1.01126873]
 [1.02392912]
 [1.03650904]
 [1.04900789]
 [1.06142569]
 [1.07376146]
 [1.08601546]
 [1.09818649]
 [1.11027515]
 [1.12228036]
 [1.134202]
 [1.1460402]
 [1.15779424]
 [1.16946399]
 [1.18104947]
 [1.19255042]
 [1.20396662]
 [1.21529818]
 [1.2265445]
 [1.23770618]
 [1.24878263]
 [1.25977397]
 [1.27068019]
 [1.28150177]
 [1.29223776]
 [1.30288887]
 [1.31345534]
 [1.3239367]
 [1.33433378]
 [1.34464586]
 [1.3548739]
 [1.36501753]
 [1.37507689]
 [1.38505244]
 [1.39494431]
 [1.40475273]
 [1.41447818]
 [1.42412066]
 [1.43368077]
 [1.44315839]
 [1.45255339]
 [1.46186733]
 [1.47109985]
 [1.48025143]
 [1.48932219]
 [1.49831247]
 [1.50722337]
 [1.51605427]
 [1.52480602]
 [1.53347933]
 [1.54207444]
 [1.55059147]
 [1.55903113]
 [1.5673939]
 [1.57568049]
 [1.58389091]
 [1.59202576]
 [1.60008562]
 [1.60807073]]
