[[4.47210026]
 [4.44999933]
 [4.4283]
 [4.4071]
 [4.38630056]
 [4.3661]
 [4.3463006]
 [4.327]
 [4.3081]
 [4.28980064]
 [4.272]
 [4.2547]
 [4.2379]
 [4.2217]
 [4.2059]
 [4.1908]
 [4.1761]
 [4.16200066]
 [4.1485]
 [4.13549948]
 [4.1231]
 [4.1113]
 [4.1]
 [4.0893]
 [4.0792]
 [4.0697]
 [4.0608]
 [4.0525]
 [4.0447]
 [4.03760052]
 [4.0311]
 [4.0252]
 [4.02]
 [4.0153]
 [4.0112]
 [4.00780058]
 [4.00499964]
 [4.0028]
 [4.0012]
 [4.0003]
 [4]
 [4.0003]
 [4.0012]
 [4.0028]
 [4.00499964]
 [4.00780058]
 [4.0112]
 [4.0153]
 [4.02]
 [4.0252]
 [4.0311]
 [4.03760052]
 [4.0447]
 [4.0525]
 [4.0608]
 [4.0697]
 [4.0792]
 [4.0893]
 [4.1]
 [4.1113]
 [4.1231]
 [4.13549948]
 [4.1485]
 [4.16200066]
 [4.1761]
 [4.1908]
 [4.2059]
 [4.2217]
 [4.2379]
 [4.2547]
 [4.272]
 [4.28980064]
 [4.3081]
 [4.327]
 [4.3463006]
 [4.3661]
 [4.38630056]
 [4.4071]
 [4.4283]
 [4.44999933]
 [4.47210026]
 [4.4947]
 [4.51769972]
 [4.5412]
 [4.5651]
 [4.5894]
 [4.6141]
 [4.63919973]
 [4.6648]
 [4.6907]
 [4.71700048]
 [4.7437]
 [4.7707]
 [4.7982]
 [4.82600069]
 [4.8541]
 [4.8826]
 [4.9115]
 [4.9406]
 [4.9702]
 [4.99999952]]
[[4.50196075]
 [4.48026276]
 [4.45894146]
 [4.43809414]
 [4.41762495]
 [4.39773083]
 [4.37821674]
 [4.35918283]
 [4.3405304]
 [4.32245827]
 [4.3048687]
 [4.28776312]
 [4.27114153]
 [4.25510502]
 [4.2394557]
 [4.22449207]
 [4.20991611]
 [4.19593048]
 [4.18253231]
 [4.16962528]
 [4.15730858]
 [4.14558315]
 [4.13435078]
 [4.12371063]
 [4.11366367]
 [4.10421038]
 [4.09535217]
 [4.08708763]
 [4.07932043]
 [4.07224703]
 [4.0657711]
 [4.05989122]
 [4.05470848]
 [4.05002308]
 [4.04593563]
 [4.04254532]
 [4.03975344]
 [4.03755903]
 [4.03596306]
 [4.03506565]
 [4.03476667]
 [4.03506565]
 [4.03596306]
 [4.03755903]
 [4.03975344]
 [4.04254532]
 [4.04593563]
 [4.05002308]
 [4.05470848]
 [4.05989122]
 [4.0657711]
 [4.07224703]
 [4.07932043]
 [4.08708763]
 [4.09535217]
 [4.10421038]
 [4.11366367]
 [4.12371063]
 [4.13435078]
 [4.14558315]
 [4.15730858]
 [4.16962528]
 [4.18253231]
 [4.19593048]
 [4.20991611]
 [4.22449207]
 [4.2394557]
 [4.25510502]
 [4.27114153]
 [4.28776312]
 [4.3048687]
 [4.32245827]
 [4.3405304]
 [4.35918283]
 [4.37821674]
 [4.39773083]
 [4.41762495]
 [4.43809414]
 [4.45894146]
 [4.48026276]
 [4.50196075]
 [4.52413082]
 [4.54667473]
 [4.56968689]
 [4.59307098]
 [4.61682367]
 [4.64094448]
 [4.66543293]
 [4.69038391]
 [4.71560144]
 [4.74118137]
 [4.76712227]
 [4.79332781]
 [4.81998825]
 [4.84690857]
 [4.87408781]
 [4.90162134]
 [4.92950678]
 [4.957551]
 [4.98604155]
 [5.01468706]]
[[1.32854283]
 [1.3239367]
 [1.3193984]
 [1.31494892]
 [1.31056845]
 [1.30630076]
 [1.30210376]
 [1.29800034]
 [1.29396915]
 [1.29005432]
 [1.28623581]
 [1.28251433]
 [1.27889061]
 [1.27538705]
 [1.27196169]
 [1.26867986]
 [1.26547742]
 [1.26239944]
 [1.25944543]
 [1.25659525]
 [1.25387108]
 [1.25127411]
 [1.24878263]
 [1.24641955]
 [1.24418509]
 [1.24208021]
 [1.24010575]
 [1.23826194]
 [1.23652709]
 [1.23494601]
 [1.23349702]
 [1.2321806]
 [1.23101938]
 [1.22996891]
 [1.22905207]
 [1.22829127]
 [1.22766447]
 [1.2271719]
 [1.22681344]
 [1.22661185]
 [1.2265445]
 [1.22661185]
 [1.22681344]
 [1.2271719]
 [1.22766447]
 [1.22829127]
 [1.22905207]
 [1.22996891]
 [1.23101938]
 [1.2321806]
 [1.23349702]
 [1.23494601]
 [1.23652709]
 [1.23826194]
 [1.24010575]
 [1.24208021]
 [1.24418509]
 [1.24641955]
 [1.24878263]
 [1.25127411]
 [1.25387108]
 [1.25659525]
 [1.25944543]
 [1.26239944]
 [1.26547742]
 [1.26867986]
 [1.27196169]
 [1.27538705]
 [1.27889061]
 [1.28251433]
 [1.28623581]
 [1.29005432]
 [1.29396915]
 [1.29800034]
 [1.30210376]
 [1.30630076]
 [1.31056845]
 [1.31494892]
 [1.3193984]
 [1.3239367]
 [1.32854283]
 [1.33323562]
 [1.33799398]
 [1.34283721]
 [1.34774375]
 [1.35271251]
 [1.35774279]
 [1.36283338]
 [1.36800361]
 [1.3732121]
 [1.37847781]
 [1.3838]
 [1.38915801]
 [1.39458966]
 [1.40005541]
 [1.40555358]
 [1.41110337]
 [1.41670358]
 [1.42231417]
 [1.42799306]
 [1.43368077]]
