[[7.9493]
 [7.8998]
 [7.85029936]
 [7.80079937]
 [7.7513]
 [7.70190096]
 [7.6524]
 [7.6029]
 [7.55350065]
 [7.50409937]
 [7.4546]
 [7.40519953]
 [7.3557992]
 [7.30639935]
 [7.2569]
 [7.20759964]
 [7.15820026]
 [7.10880041]
 [7.0594]
 [7.0101]
 [6.96069956]
 [6.91140032]
 [6.862]
 [6.8127]
 [6.7634]
 [6.7141]
 [6.6648]
 [6.61550093]
 [6.5662]
 [6.51699972]
 [6.46769953]
 [6.4185]
 [6.3692]
 [6.32]
 [6.2708]
 [6.2216]
 [6.17250061]
 [6.1233]
 [6.07419968]
 [6.025]
 [5.9759]
 [5.9267993]
 [5.8777]
 [5.82859945]
 [5.77959967]
 [5.7305]
 [5.6815]
 [5.6325]
 [5.58349943]
 [5.5345006]
 [5.4856]
 [5.4366]
 [5.3876996]
 [5.3388]
 [5.2899]
 [5.2411]
 [5.1922]
 [5.14339972]
 [5.0946]
 [5.0459]
 [4.9971]
 [4.9484]
 [4.89970064]
 [4.85109949]
 [4.80240059]
 [4.7538]
 [4.70520067]
 [4.6567]
 [4.60820055]
 [4.55970049]
 [4.51119947]
 [4.46279955]
 [4.41440058]
 [4.3661]
 [4.3178]
 [4.2695]
 [4.2213006]
 [4.1731]
 [4.125]
 [4.0769]
 [4.02880049]
 [3.98080039]
 [3.9328]
 [3.8849]
 [3.8371]
 [3.7893002]
 [3.74160051]
 [3.6939]
 [3.64630032]
 [3.5987]
 [3.5512]
 [3.5038]
 [3.4565]
 [3.4092]
 [3.362]
 [3.31490016]
 [3.2679]
 [3.22100019]
 [3.1742]
 [3.12740016]
 [3.0808]]
