[[4.1512]
 [4.10329962]
 [4.0555]
 [4.00770044]
 [3.9599]
 [3.91219974]
 [3.86460018]
 [3.817]
 [3.76950026]
 [3.72199965]
 [3.67459965]
 [3.6273]
 [3.5801]
 [3.5329]
 [3.48580027]
 [3.43879986]
 [3.3919]
 [3.34500027]
 [3.29830027]
 [3.2517]
 [3.2051]
 [3.15869975]
 [3.1124]
 [3.0662]
 [3.0201]
 [2.9741]
 [2.9283]
 [2.88259983]
 [2.837]
 [2.7916]
 [2.74640036]
 [2.70140028]
 [2.6565]
 [2.6118]
 [2.56730032]
 [2.52300024]
 [2.4789]
 [2.435]
 [2.39140034]
 [2.348]
 [2.30500031]
 [2.26210022]
 [2.2196]
 [2.17750025]
 [2.13560033]
 [2.0941]
 [2.053]
 [2.0123]
 [1.97200012]
 [1.9322]
 [1.8928]
 [1.85399985]
 [1.81569993]
 [1.778]
 [1.74089992]
 [1.7045]
 [1.66879988]
 [1.63379991]
 [1.5996]
 [1.5663]
 [1.53389978]
 [1.50239992]
 [1.47200012]
 [1.4427]
 [1.41449988]
 [1.3876]
 [1.3619]
 [1.33759987]
 [1.3148]
 [1.2936]
 [1.27390015]
 [1.2559]
 [1.2397]
 [1.2253]
 [1.21279991]
 [1.2022]
 [1.1936]
 [1.1871]
 [1.1827]
 [1.1804]
 [1.18019986]
 [1.18210018]
 [1.18610013]
 [1.19219983]
 [1.2003]
 [1.21050012]
 [1.22259986]
 [1.2366]
 [1.2525]
 [1.27019989]
 [1.28949988]
 [1.3105]
 [1.33299983]
 [1.3569]
 [1.3823]
 [1.409]
 [1.4368999]
 [1.46600008]
 [1.4963]
 [1.5275]
 [1.55969989]]
[[4.18521214]
 [4.13763142]
 [4.09007502]
 [4.04244566]
 [3.99474382]
 [3.94707179]
 [3.89943051]
 [3.85172153]
 [3.80404592]
 [3.75630474]
 [3.70860076]
 [3.66093516]
 [3.61330914]
 [3.56562304]
 [3.51797938]
 [3.47037959]
 [3.42282557]
 [3.37521672]
 [3.32775736]
 [3.28034854]
 [3.23288798]
 [3.18558264]
 [3.13833117]
 [3.09113407]
 [3.04399395]
 [2.99691224]
 [2.94999146]
 [2.90313172]
 [2.85633326]
 [2.80970097]
 [2.76323605]
 [2.71693969]
 [2.67071056]
 [2.62465215]
 [2.57876706]
 [2.53305507]
 [2.48751855]
 [2.44215846]
 [2.39707923]
 [2.35217905]
 [2.30766582]
 [2.26323]
 [2.21918416]
 [2.17552876]
 [2.13205886]
 [2.08898234]
 [2.04630017]
 [2.00401402]
 [1.96212447]
 [1.92073715]
 [1.87974906]
 [1.83936942]
 [1.79949522]
 [1.76023149]
 [1.72157979]
 [1.68364513]
 [1.64642811]
 [1.60993052]
 [1.57425737]
 [1.53951383]
 [1.5057013]
 [1.47282]
 [1.44108021]
 [1.41048276]
 [1.38102841]
 [1.35292697]
 [1.32607472]
 [1.30068159]
 [1.27685273]
 [1.25469303]
 [1.23409915]
 [1.21528041]
 [1.19834197]
 [1.18328428]
 [1.17021286]
 [1.15912747]
 [1.15013313]
 [1.14333498]
 [1.13873303]
 [1.13632727]
 [1.13611817]
 [1.13810539]
 [1.14228892]
 [1.14866877]
 [1.15714037]
 [1.16780758]
 [1.18046105]
 [1.19510043]
 [1.21172547]
 [1.23023081]
 [1.25040722]
 [1.27235818]
 [1.29587412]
 [1.32085025]
 [1.3473897]
 [1.375283]
 [1.40442514]
 [1.43481505]
 [1.46645164]
 [1.49902105]
 [1.53262687]]
[[1.26003683]
 [1.24951053]
 [1.23892856]
 [1.2282691]
 [1.21753168]
 [1.20673943]
 [1.19589281]
 [1.18496919]
 [1.1739924]
 [1.16293919]
 [1.15183353]
 [1.1406759]
 [1.12946725]
 [1.11818397]
 [1.10685039]
 [1.09546733]
 [1.08403587]
 [1.07253158]
 [1.06100464]
 [1.04943144]
 [1.03778768]
 [1.02612364]
 [1.01441598]
 [1.00266504]
 [0.990872145]
 [0.979037523]
 [0.967188537]
 [0.955300212]
 [0.943373501]
 [0.931435406]
 [0.919487953]
 [0.907531738]
 [0.895541847]
 [0.883545816]
 [0.871545136]
 [0.859541237]
 [0.847535253]
 [0.835528731]
 [0.823550463]
 [0.81157434]
 [0.799657524]
 [0.787718236]
 [0.775841415]
 [0.764029145]
 [0.752226889]
 [0.740492404]
 [0.728827894]
 [0.717235]
 [0.705715597]
 [0.694300234]
 [0.682962]
 [0.671760559]
 [0.660669208]
 [0.649718523]
 [0.638911]
 [0.628277659]
 [0.617820799]
 [0.607542217]
 [0.597473919]
 [0.587647259]
 [0.578064382]
 [0.568727672]
 [0.559698462]
 [0.550979078]
 [0.542571723]
 [0.534538]
 [0.526850283]
 [0.51957041]
 [0.51273036]
 [0.506362081]
 [0.500437438]
 [0.495018303]
 [0.490136296]
 [0.485793263]
 [0.482020438]
 [0.478819072]
 [0.476220399]
 [0.474255472]
 [0.472924978]
 [0.472229391]
 [0.472168863]
 [0.472743601]
 [0.473953128]
 [0.475797206]
 [0.47824505]
 [0.481325895]
 [0.484978527]
 [0.489201665]
 [0.493994027]
 [0.499323934]
 [0.505129516]
 [0.511439323]
 [0.51819104]
 [0.525353253]
 [0.53295362]
 [0.540930212]
 [0.549251199]
 [0.557914257]
 [0.5669173]
 [0.576168954]
 [0.585696876]]
